0.429471 0.373467 -0.061360 
0.274770 0.038681 -0.367223 
-0.057468 -0.262250 -0.350097 

0.550379 0.440075 -0.081387 
0.345739 0.040632 -0.453501 
-0.058635 -0.330670 -0.485030 

0.480015 0.408547 -0.065146 
0.310477 0.050202 -0.403383 
-0.050872 -0.285228 -0.418516 

0.117274 0.162063 0.135694 
0.148350 0.202298 0.161688 
0.129344 0.171572 0.138710 

0.020877 0.047341 0.041854 
0.031049 0.065810 0.046257 
0.031679 0.054710 0.042320 

-0.172697 -0.170375 -0.154352 
-0.187601 -0.177572 -0.174400 
-0.166003 -0.166667 -0.157049 

0.034013 0.001709 -0.115694 
0.161560 0.156414 -0.089937 
0.012903 0.000054 -0.125340 

0.098831 0.051382 -0.101763 
0.240751 0.220311 -0.066744 
0.075959 0.048680 -0.112076 

0.037558 -0.004963 -0.138038 
0.166595 0.151188 -0.109850 
0.015628 -0.007967 -0.149133 

0.354221 0.278666 0.301724 
0.097801 -0.362367 -0.046079 
-0.000971 -0.403173 -0.146819 

0.437032 0.322751 0.351014 
0.096739 -0.424664 -0.088954 
-0.048149 -0.515417 -0.235108 

0.408775 0.314491 0.344510 
0.099167 -0.394421 -0.061771 
-0.027420 -0.468225 -0.192851 

-0.086584 0.190844 0.168422 
-0.186469 0.176088 0.154266 
-0.239638 -0.141599 -0.102669 

-0.109851 0.239998 0.238524 
-0.233997 0.205864 0.210356 
-0.336890 -0.177195 -0.109548 

-0.082034 0.250965 0.230598 
-0.181427 0.243798 0.228274 
-0.277902 -0.117674 -0.068132 

0.229683 0.239404 0.232435 
0.251408 0.267667 0.237259 
0.225149 0.259827 0.220455 

-0.192377 -0.223640 -0.187373 
-0.210348 -0.236093 -0.221656 
-0.192640 -0.197426 -0.194272 

-0.048281 -0.086051 -0.043458 
-0.071641 -0.103272 -0.082436 
-0.045868 -0.056228 -0.046069 

0.066832 -0.112072 -0.166515 
0.147219 -0.052672 -0.155623 
0.152024 0.098233 0.007398 

0.097897 -0.125584 -0.209138 
0.200741 -0.043127 -0.179757 
0.228957 0.141492 0.020332 

0.065618 -0.146961 -0.211910 
0.155517 -0.075786 -0.191516 
0.183866 0.104387 0.004065 

0.041338 0.116577 0.103120 
-0.212591 -0.149052 0.038250 
-0.213218 -0.185672 -0.001635 

0.079352 0.212809 0.234721 
-0.233290 -0.107274 0.133856 
-0.282426 -0.198862 0.042018 

0.117997 0.255299 0.263399 
-0.168040 -0.035112 0.185907 
-0.221252 -0.128570 0.093347 

0.130268 0.095860 0.126365 
0.111360 0.077216 0.099059 
0.106351 0.113431 0.094424 

-0.275177 -0.318530 -0.274618 
-0.293176 -0.335548 -0.300377 
-0.281641 -0.280506 -0.288210 

0.164277 0.169288 0.169283 
0.196568 0.204576 0.193210 
0.171749 0.219907 0.169036 

0.032910 -0.052665 0.015904 
0.152951 0.097972 0.149152 
0.231640 0.242600 0.228801 

-0.142329 -0.251146 -0.160954 
-0.015646 -0.091859 -0.020742 
0.105182 0.098476 0.101481 

-0.159787 -0.279697 -0.179828 
-0.056381 -0.144742 -0.062904 
0.068165 0.047299 0.063343 

0.096155 0.500213 0.045989 
0.003850 0.489868 -0.041589 
-0.382996 -0.313440 -0.386705 

0.173232 0.608516 0.113404 
0.012065 0.528295 -0.043119 
-0.489184 -0.406722 -0.501092 

0.146136 0.564987 0.099365 
0.003046 0.505531 -0.038201 
-0.453146 -0.366204 -0.453614 

-0.092225 0.104386 0.042120 
-0.159836 0.087569 0.038776 
-0.224946 -0.152323 -0.117438 

0.041032 0.294810 0.245023 
-0.052357 0.254456 0.222733 
-0.164696 -0.044911 0.010774 

-0.090361 0.133287 0.087717 
-0.188319 0.088577 0.060160 
-0.276116 -0.179876 -0.122268 

-0.155873 -0.144315 -0.147805 
-0.141208 -0.106141 -0.123757 
-0.171394 -0.158956 -0.158272 

0.292494 0.347783 0.307439 
0.357859 0.437670 0.379394 
0.300694 0.354190 0.313856 

-0.219030 -0.197436 -0.209706 
-0.188595 -0.144621 -0.173706 
-0.212760 -0.193089 -0.206336 

0.052297 -0.013780 -0.111607 
0.203158 0.171877 -0.019702 
0.201846 0.197767 0.042639 

0.016297 -0.078635 -0.187460 
0.177657 0.118445 -0.088014 
0.200324 0.172227 0.003455 

-0.126175 -0.226399 -0.305086 
0.004241 -0.060150 -0.232161 
0.038132 0.002986 -0.131732 

-0.083244 -0.381209 -0.055853 
-0.043355 -0.399291 0.011762 
0.229017 0.158756 0.263494 

-0.126072 -0.459024 -0.085803 
-0.049474 -0.436910 0.022179 
0.309387 0.224571 0.358143 

-0.099374 -0.417107 -0.061712 
-0.030840 -0.404181 0.035181 
0.297883 0.221921 0.340689 

0.157288 0.139658 0.129653 
0.100840 0.029012 0.089195 
0.123848 0.104333 0.129770 

-0.155554 -0.192929 -0.189100 
-0.236215 -0.329839 -0.251502 
-0.201904 -0.239627 -0.196766 

0.160493 0.150846 0.126257 
0.101854 0.037517 0.084328 
0.103943 0.092854 0.105604 

0.029120 -0.032954 0.036086 
-0.044731 -0.112106 -0.034987 
-0.042916 -0.081886 -0.035250 

-0.053172 -0.104869 -0.054729 
-0.094153 -0.148626 -0.091557 
-0.099090 -0.122881 -0.096097 

0.188707 0.181216 0.177801 
0.231723 0.225619 0.225182 
0.213623 0.237850 0.208465 

0.050948 0.083744 -0.093261 
0.071132 0.103919 -0.145295 
-0.083129 -0.097162 -0.183485 

0.181297 0.198396 -0.025468 
0.192337 0.206356 -0.093008 
-0.000755 -0.035002 -0.161894 

0.093475 0.110059 -0.089605 
0.098770 0.112815 -0.160946 
-0.072855 -0.106818 -0.214898 

0.190557 0.166676 0.199066 
0.201555 0.111782 0.211257 
0.193104 0.147464 0.190740 

-0.207719 -0.258161 -0.195325 
-0.218359 -0.335442 -0.203207 
-0.199787 -0.270007 -0.196090 

0.074973 0.041839 0.090448 
0.078238 -0.019767 0.095596 
0.085739 0.033190 0.091776 

-0.043722 -0.104160 -0.047128 
-0.084720 -0.155790 -0.090547 
-0.062776 -0.101475 -0.071240 

-0.138946 -0.191356 -0.145428 
-0.146354 -0.207049 -0.153688 
-0.122674 -0.147489 -0.130974 

0.126324 0.127719 0.115888 
0.193598 0.190134 0.182731 
0.181763 0.211305 0.170229 

0.361803 0.308496 0.140562 
0.275604 0.090541 -0.076371 
0.134978 -0.025601 -0.141631 

0.255391 0.156778 -0.020113 
0.120544 -0.117959 -0.294115 
-0.030200 -0.243615 -0.364647 

0.238499 0.141573 -0.005670 
0.100570 -0.131103 -0.277929 
-0.025684 -0.233638 -0.329488 

0.239029 0.309875 0.064736 
0.090069 -0.076102 -0.255709 
-0.000711 -0.205564 -0.250058 

0.356315 0.379937 0.057169 
0.147909 -0.084541 -0.342818 
-0.010923 -0.285870 -0.395867 

0.355972 0.397887 0.086470 
0.182300 -0.025285 -0.279232 
0.035042 -0.216924 -0.331096 

0.166672 0.170978 0.168720 
0.179093 0.179349 0.170248 
0.160534 0.191443 0.168806 

0.001185 -0.025942 0.001510 
-0.019096 -0.051626 -0.030371 
-0.009578 -0.010421 -0.003788 

-0.120461 -0.170901 -0.124049 
-0.163721 -0.219330 -0.177912 
-0.133944 -0.157281 -0.130781 

-0.180467 -0.117245 0.181488 
-0.079903 -0.000350 0.340175 
0.184495 0.277539 0.404833 

-0.487028 -0.409513 -0.043157 
-0.375807 -0.276997 0.130395 
-0.048142 0.062916 0.243746 

-0.308338 -0.237905 0.108455 
-0.203621 -0.117176 0.266444 
0.107057 0.203628 0.368813 

0.044048 0.009663 -0.045922 
0.074517 0.027456 -0.058882 
0.040255 0.015203 -0.045992 

0.115338 0.067014 -0.002468 
0.147252 0.085040 -0.016970 
0.114640 0.075856 0.000352 

-0.020834 -0.071550 -0.122283 
-0.000519 -0.064396 -0.146371 
-0.021945 -0.063141 -0.119683 

0.095928 0.124680 0.101741 
0.122327 0.152786 0.129637 
0.079380 0.115322 0.085448 

0.116379 0.139447 0.126362 
0.137368 0.161257 0.147374 
0.105246 0.133635 0.112299 

-0.158726 -0.163191 -0.152407 
-0.167307 -0.172511 -0.161100 
-0.173798 -0.173383 -0.170655 

-0.043811 -0.391030 -0.285650 
0.185682 -0.104213 -0.088129 
0.272074 0.249017 0.174214 

-0.077088 -0.495031 -0.415719 
0.241255 -0.109214 -0.129570 
0.408630 0.345526 0.232177 

-0.071494 -0.469356 -0.388054 
0.227950 -0.100679 -0.115353 
0.374578 0.324808 0.221450 

-0.188484 -0.177927 -0.182926 
-0.184816 -0.128944 -0.170179 
-0.193398 -0.185886 -0.191333 

0.103687 0.174168 0.139868 
0.144135 0.264501 0.190542 
0.083638 0.148193 0.113336 

-0.050435 0.027280 -0.005549 
-0.004884 0.121994 0.050890 
-0.065300 0.007110 -0.026410 

-0.043995 -0.036878 0.280888 
-0.345962 -0.432903 0.204956 
-0.067636 -0.078524 0.240741 

-0.071857 -0.022750 0.387291 
-0.422475 -0.465059 0.285034 
-0.103523 -0.071979 0.339262 

-0.033839 -0.001877 0.368802 
-0.370247 -0.430766 0.273944 
-0.068589 -0.055376 0.316829 

-0.189854 -0.176337 -0.160507 
-0.193843 -0.178362 -0.170887 
-0.159136 -0.184558 -0.124430 

-0.003885 0.022696 -0.029026 
-0.014212 0.012149 -0.047672 
-0.065907 -0.084241 -0.079960 

0.219570 0.270894 0.145176 
0.228185 0.278904 0.143572 
0.101331 0.105424 0.036155 

-0.233870 -0.167810 -0.098508 
-0.109127 0.169679 0.131407 
-0.040334 0.180102 0.119875 

-0.263508 -0.165680 -0.072097 
-0.098857 0.221383 0.202425 
0.002671 0.261514 0.215398 

-0.292067 -0.215335 -0.123127 
-0.150503 0.140345 0.122035 
-0.050223 0.179611 0.137287 

0.128367 0.085642 0.121370 
0.110662 -0.014582 0.111012 
0.159736 0.094955 0.153976 

0.124474 0.095255 0.111413 
0.116692 0.005350 0.110190 
0.142130 0.090295 0.129124 

0.148937 0.130364 0.134151 
0.141718 0.042188 0.133113 
0.152794 0.111522 0.137535 

-0.110600 -0.123676 -0.106915 
-0.092418 -0.063473 -0.106018 
-0.102834 -0.101790 -0.107569 

-0.074626 -0.078311 -0.071279 
-0.047497 -0.007277 -0.061320 
-0.072519 -0.060591 -0.076483 

0.013262 0.032927 0.018935 
0.059595 0.123226 0.047914 
0.010891 0.044898 0.008161 

0.005713 -0.018176 -0.121902 
0.193121 0.283512 -0.021508 
0.116722 0.206064 -0.008983 

-0.156122 -0.197528 -0.310258 
0.040346 0.115484 -0.203197 
-0.024438 0.051978 -0.174380 

-0.005034 -0.037488 -0.149115 
0.184213 0.265390 -0.042334 
0.119108 0.198542 -0.019416 

-0.244797 -0.262617 -0.336426 
0.095541 0.373998 -0.087337 
0.093527 0.365222 -0.003089 

-0.290003 -0.322223 -0.427484 
0.127246 0.401585 -0.106838 
0.167306 0.439277 0.026715 

-0.270073 -0.303981 -0.398546 
0.114720 0.378111 -0.103538 
0.149369 0.407268 0.023330 

-0.305303 -0.167535 0.033972 
-0.241429 0.142289 0.344154 
-0.104619 0.097347 0.186108 

-0.432260 -0.206736 0.075807 
-0.323996 0.163297 0.444485 
-0.144507 0.148840 0.303147 

-0.403229 -0.194614 0.067051 
-0.304495 0.154335 0.409200 
-0.137971 0.130485 0.265710 

0.060938 0.069143 0.060150 
0.073186 0.089166 0.074178 
0.061872 0.075361 0.066542 

0.050632 0.040900 0.052011 
0.041684 0.038894 0.044367 
0.049264 0.045004 0.054738 

-0.171640 -0.203852 -0.173067 
-0.203079 -0.228493 -0.202748 
-0.174137 -0.199778 -0.170286 

-0.328163 -0.279852 -0.296101 
-0.099649 0.334116 0.004536 
0.044581 0.459542 0.134632 

-0.431033 -0.350037 -0.362241 
-0.120458 0.361925 0.023346 
0.076180 0.539469 0.201728 

-0.368898 -0.283717 -0.297187 
-0.087458 0.380950 0.052693 
0.075367 0.518441 0.196055 

0.171195 0.216698 0.056494 
0.016447 0.004295 -0.084077 
-0.088879 -0.129370 -0.133946 

0.294442 0.329211 0.150417 
0.101203 0.073805 -0.031117 
-0.037349 -0.095698 -0.111130 

0.130815 0.154596 -0.001332 
-0.062523 -0.098605 -0.183172 
-0.170110 -0.235845 -0.234545 

0.102654 0.045955 0.090677 
0.121203 0.018864 0.101131 
0.102235 0.048603 0.080344 

-0.109937 -0.197587 -0.125381 
-0.113371 -0.248857 -0.136336 
-0.104140 -0.186440 -0.127926 

-0.035888 -0.119904 -0.046438 
-0.041971 -0.173263 -0.059665 
-0.032586 -0.111056 -0.051208 

-0.110637 -0.112436 -0.155686 
-0.018354 0.024415 -0.104474 
-0.040901 -0.016280 -0.106762 

0.066234 0.065850 -0.004011 
0.194494 0.240235 0.078504 
0.173328 0.201172 0.078944 

-0.106263 -0.114527 -0.163727 
-0.001232 0.035626 -0.102817 
-0.013979 0.005254 -0.094908 

0.330130 0.358927 0.396160 
-0.004468 -0.169336 0.217564 
-0.114031 -0.285876 0.086080 

0.180296 0.203400 0.283428 
-0.231873 -0.407387 0.038969 
-0.365712 -0.551754 -0.116164 

0.291370 0.311673 0.377338 
-0.097156 -0.270265 0.152613 
-0.222893 -0.404627 0.007681 

-0.058697 0.137752 0.221437 
-0.190224 0.019945 0.195113 
-0.191436 -0.129125 0.000474 

-0.070500 0.168976 0.285375 
-0.230568 0.025201 0.240657 
-0.249716 -0.152640 0.015589 

-0.063107 0.150444 0.252608 
-0.218599 0.013034 0.211167 
-0.229799 -0.149255 0.005948 

0.184787 0.182961 0.213227 
-0.064676 -0.331725 -0.014203 
-0.110158 -0.379986 -0.089480 

0.307718 0.298372 0.341273 
-0.031822 -0.322561 0.026387 
-0.143752 -0.443641 -0.116765 

0.286360 0.278241 0.308422 
-0.022560 -0.307045 0.024508 
-0.119400 -0.412016 -0.102987 

0.010509 -0.055180 -0.176265 
0.170957 0.138755 -0.133287 
0.068570 0.057527 -0.114719 

0.096697 0.004676 -0.150411 
0.279659 0.221472 -0.091477 
0.183631 0.149392 -0.059407 

-0.042549 -0.132631 -0.256321 
0.116913 0.061377 -0.214875 
0.035547 0.001407 -0.174198 

0.106680 0.286233 0.425109 
-0.377094 -0.245719 0.307167 
-0.340692 -0.295589 0.132256 

0.098840 0.356243 0.575110 
-0.480583 -0.264928 0.397563 
-0.486055 -0.368056 0.167435 

0.103452 0.330464 0.512942 
-0.441290 -0.250680 0.364112 
-0.437943 -0.338344 0.156436 

-0.130869 -0.186742 -0.253508 
0.053544 0.117273 -0.179943 
-0.017132 0.045055 -0.145324 

-0.067269 -0.135300 -0.258517 
0.186515 0.243765 -0.124988 
0.115885 0.175287 -0.080639 

-0.028483 -0.076008 -0.201669 
0.225514 0.302003 -0.060131 
0.143791 0.219821 -0.031643 

-0.362839 -0.382483 -0.073480 
-0.185247 -0.008145 0.210258 
0.115108 0.344564 0.325933 

-0.484057 -0.465596 -0.090774 
-0.235728 -0.004946 0.269823 
0.153932 0.435936 0.454858 

-0.451399 -0.443579 -0.087176 
-0.221624 -0.011184 0.243712 
0.143039 0.398770 0.407075 

0.064408 -0.103628 -0.261546 
0.161979 -0.029931 -0.330316 
0.077841 0.056421 -0.110276 

0.167565 -0.092477 -0.357970 
0.308060 0.021368 -0.398592 
0.234663 0.136645 -0.134772 

0.196186 -0.036998 -0.301728 
0.340618 0.083994 -0.330691 
0.255993 0.180333 -0.087761 

0.093360 0.261836 0.396733 
-0.161634 0.023107 0.338173 
-0.136941 0.014815 0.229118 

-0.055245 0.134769 0.333249 
-0.364840 -0.155244 0.233516 
-0.331248 -0.159631 0.124874 

-0.089793 0.058671 0.253235 
-0.403994 -0.236143 0.143069 
-0.350295 -0.216985 0.060876 

0.004016 0.010311 0.004117 
0.020639 0.042311 0.021574 
0.004980 0.016197 0.010491 

0.125660 0.134524 0.132627 
0.138942 0.162634 0.145503 
0.124660 0.136745 0.133727 

-0.151111 -0.162098 -0.146770 
-0.158299 -0.154860 -0.154290 
-0.154306 -0.161381 -0.147153 

0.378148 0.149958 -0.099383 
0.332957 -0.220604 -0.518703 
0.270942 -0.011718 -0.223098 

0.500401 0.157933 -0.188454 
0.424910 -0.266254 -0.671400 
0.358545 -0.044967 -0.350573 

0.463700 0.166021 -0.146743 
0.398165 -0.240649 -0.612233 
0.327686 -0.032034 -0.308809 

0.052688 0.025405 0.088203 
-0.080200 -0.150459 0.041487 
0.001967 -0.047409 0.056449 

-0.074427 -0.077572 0.015201 
-0.233091 -0.278018 -0.045991 
-0.156896 -0.182696 -0.042566 

0.126995 0.168935 0.238036 
-0.001228 0.000692 0.205086 
0.035772 0.054112 0.169656 

-0.270789 -0.314783 -0.005628 
-0.158878 -0.135780 0.141669 
-0.005409 0.031588 0.111484 

-0.338722 -0.329490 0.038831 
-0.143521 -0.056912 0.272664 
0.071973 0.170078 0.282924 

-0.273975 -0.263310 0.068950 
-0.071210 0.012883 0.303843 
0.122696 0.217733 0.299936 

0.110607 -0.144174 -0.168463 
0.253484 -0.034252 -0.081232 
0.326859 0.235762 0.154125 

-0.026130 -0.332799 -0.367730 
0.135004 -0.203286 -0.264865 
0.247527 0.117499 0.022111 

0.045175 -0.245497 -0.273190 
0.195946 -0.123409 -0.174905 
0.300627 0.183255 0.099970 

-0.118195 -0.047179 0.056075 
-0.098784 0.013901 0.143193 
-0.034517 0.050975 0.123142 

-0.073527 0.020835 0.153152 
-0.043292 0.095290 0.253588 
0.041784 0.150199 0.246470 

-0.238493 -0.174976 -0.042084 
-0.227759 -0.122467 0.035006 
-0.133781 -0.057373 0.040300 

0.042989 0.098541 0.229411 
-0.126957 -0.103649 0.185455 
-0.015784 0.004243 0.158939 

-0.115337 -0.040466 0.129670 
-0.309078 -0.264331 0.072303 
-0.183052 -0.144733 0.051397 

0.009123 0.087210 0.232655 
-0.164953 -0.115515 0.191749 
-0.052578 -0.008675 0.162967 

0.353236 0.117565 0.020550 
0.298867 -0.128683 -0.186653 
0.325029 0.129521 0.053864 

0.170631 -0.133167 -0.249449 
0.092708 -0.412189 -0.489764 
0.146760 -0.113705 -0.205638 

0.299678 0.023900 -0.083512 
0.230454 -0.241970 -0.311172 
0.275735 0.041128 -0.043303 

-0.284682 -0.044405 0.111911 
-0.285965 0.273523 0.444558 
-0.300995 -0.023377 0.117678 

-0.367527 -0.040934 0.173590 
-0.362139 0.297578 0.529540 
-0.391899 -0.027425 0.171047 

-0.319989 -0.028975 0.150853 
-0.317025 0.293176 0.486248 
-0.353868 -0.023877 0.143340 

-0.202890 -0.244807 -0.193389 
-0.246885 -0.286743 -0.236104 
-0.213930 -0.255774 -0.206069 

0.133396 0.143304 0.133845 
0.160177 0.176016 0.162003 
0.142014 0.154039 0.141839 

0.087260 0.125107 0.085524 
0.149863 0.194911 0.149851 
0.112177 0.153774 0.110282 

-0.284944 -0.181035 0.019631 
-0.229002 0.142149 0.369329 
-0.162446 0.079665 0.209526 

-0.366895 -0.203209 0.052084 
-0.275948 0.168544 0.449152 
-0.182062 0.125215 0.299748 

-0.338484 -0.201899 0.033364 
-0.260349 0.144164 0.399523 
-0.171211 0.101079 0.256897 

-0.132242 -0.148207 -0.140158 
-0.114316 -0.052009 -0.145945 
-0.141449 -0.122729 -0.153092 

-0.084821 -0.098850 -0.094312 
-0.069342 -0.003790 -0.103502 
-0.105017 -0.082902 -0.118306 

-0.127136 -0.122361 -0.129405 
-0.098839 -0.014065 -0.125689 
-0.149743 -0.109780 -0.156840 

-0.053348 -0.235301 -0.377667 
0.365495 0.257149 -0.271824 
0.241100 0.244687 -0.139917 

-0.051139 -0.296196 -0.505663 
0.437117 0.269412 -0.345792 
0.339550 0.295466 -0.167058 

-0.050299 -0.276450 -0.462244 
0.404059 0.259301 -0.314026 
0.306802 0.279204 -0.142874 

0.007577 -0.063036 -0.300510 
0.339939 0.371683 -0.239718 
0.045560 0.053291 -0.265075 

0.037494 -0.070436 -0.383694 
0.413171 0.409506 -0.292486 
0.098637 0.074447 -0.322242 

0.034897 -0.039080 -0.323985 
0.392561 0.423764 -0.232840 
0.088270 0.094653 -0.269695 

